-0.98731
-0.15494
-1.78
-1.2613
-1.1193
-1.7469
0.17355
1.429
-0.90562
1.9638
1.382
0.18405
-2.553
-0.90253
0.841
1.3882
-0.36022
0.85987
1.1042
-1.505
1.8409
-0.96368
0.62719
0.67978
0.27279
1.3556
1.2943
-0.76415
-0.68197
-0.66942
1.0045
2.1981
0.8324
-1.5904
-1.2889
1.8281
-0.45294
1.8204
-1.1499
1.1057
-2.27
1.6619
-1.0752
-0.96077
-0.29055
-1.1914
1.3016
-1.5025
-1.3723
1.3792
0.85176
-2.096
0.62349
3.0367
-0.65502
-0.84943
0.71369
-0.27362
-0.90508
-3.1553
-1.6464
-0.018586
-1.1493
1.7515
-0.63884
0.68943
-2.1386
0.62678
-1.8299
-0.69936
-1.4099
-0.0082792
0.91784
-2.0632
1.0555
1.5022
-1.3472
1.4324
-0.76249
1.2691
-1.2286
0.91065
0.90601
-1.0899
-0.019014
0.98721
0.16669
-0.91044
0.18349
1.9539
-0.42532
0.62256
0.44523
1.7975
-0.40262
-2.4509
-1.886
-1.4916
-1.2294
0.081914
1.4586
0.6341
0.88424
-1.384
0.93822
1.9605
-0.28133
0.32697
-1.3296
-0.61168
0.28384
-1.3673
1.4924
-1.8596
1.7333
1.2395
-0.60106
-1.0104
-1.6982
-2.1197
-0.89263
1.5009
-0.49306
0.93977
2.1537
1.1295
-1.2821
-0.92634
-1.4312
1.4813
2.0897
-0.27194
1.1738
0.047437
-1.4457
1.2821
0.94638
1.9677
-0.5374
-2.0036
-0.55692
-0.53197
2.2255
-0.94027
1.1841
-0.10279
0.67776
-0.045484
0.89642
-1.5456
-1.9017
0.99686
0.41151
1.8874
0.55917
1.1069
1.1976
-0.37084
0.048176
-1.4367
-0.72637
-1.1409
1.2405
0.93953
-0.90852
0.25516
1.0929
-0.041859
-1.076
-0.87219
0.80509
1.228
1.6195
-0.1158
-2.0188
0.56616
-0.70025
1.242
-1.2487
-0.59393
0.45514
0.24467
0.40774
-2.281
1.0935
-0.44364
-1.2601
1.763
0.83791
1.1706
-0.29028
1.4115
-0.77902
-0.0014663
-1.6398
0.67468
1.2073
-1.2499
0.6053
1.5043
0.64466
1.2765
0.87164
-1.3051
-0.67992
-0.79623
-2.3816
-1.2373
-1.755
-0.92167
-1.5022
0.99009
1.8775
0.19123
-0.44102
-2.1187
0.027039
1.7526
-0.82259
0.70133
-1.3227
0.25558
0.22545
0.72194
0.17921
1.3938
-0.74524
-1.4559
0.01512
-2.8883
0.33247
-0.0041705
1.4628
-0.2458
-0.40151
-2.2232
-1.3353
-0.33686
-0.12276
2.0293
0.72253
-1.4603
0.27637
-0.61435
-0.46464
-0.071102
-1.0979
0.62808
-0.57849
-0.19928
1.8397
-0.65876
0.7069
0.66564
-1.822
1.815
0.37115
-2.3631
0.42109
2.0157
-0.82302
-1.2567
1.143
1.2719
-0.69344
0.8738
0.5991
1.7408
-2.7339
-1.666
0.97726
-0.65198
-1.1993
-1.0321
-1.2274
-1.9215
2.4908
0.86271
2.6273
-1.6232
-1.18
0.083811
-1.5989
-0.36857
1.529
-1.6128
-0.89433
-1.3083
-0.42065
-1.5385
2.089
-0.085246
1.2035
-0.059117
0.49204
0.24707
0.084172
0.88624
1.2281
-2.0093
0.32795
-0.7567
-1.0722
1.4624
1.81
-1.6436
0.32063
1.3193
0.91543
1.009
-1.6199
0.33599
1.3128
0.092103
0.75744
-0.22428
1.9588
1.7504
0.061491
1.2511
-2.13
-1.5766
-1.1082
-0.016364
0.63306
-0.10771
0.45367
-0.85791
-0.8031
2.2917
0.82372
-0.54825
0.13806
-1.614
-0.77142
1.367
-1.3305
1.1923
-1.4709
-0.59803
0.50836
1.1759
-0.75331
2.003
-1.7766
-0.85037
-0.20848
-0.91122
1.549
0.25297
-1.1436
-0.13997
0.15905
1.0014
0.040078
-1.111
-1.6118
-1.0727
-0.21982
-1.5784
-1.4349
-0.0351
-0.84421
0.4309
1.3116
-0.75245
0.84339
0.37592
-0.88137
-1.2633
-2.0901
1.3605
0.88451
1.1834
-1.3643
1.4798
0.58102
1.2491
1.4677
-1.0877
0.35574
1.167
-0.24596
-0.52463
-0.9202
-0.9012
-0.75503
-1.2651
1.2367
-1.3879
-0.82129
1.8037
-1.0635
0.24454
-1.0724
-0.69613
0.81084
0.1629
0.69118
0.70245
2.1408
1.209
-0.62528
-0.066455
0.54137
-1.13
-0.39136
0.44234
-0.8328
-1.8144
1.3565
0.56496
-1.1138
0.71841
2.1628
-1.6566
0.73639
0.97705
-0.5751
-1.7623
-1.6774
1.2131
-1.1324
-2.1732
-2.2065
-0.21249
1.0139
-0.68281
-0.53305
-1.7434
-0.40759
-0.58544
-1.0589
0.98758
0.71573
-1.2181
0.33123
-1.1077
-0.64245
-0.51991
-2.0411
-1.5472
-0.89725
-0.74684
0.75685
-0.23013
-0.2097
-1.1968
-1.6086
-1.727
-0.33297
0.70133
1.328
-0.85759
-2.1205
1.5361
-1.1794
-1.4635
-1.1072
1.2753
-0.22653
1.0715
-0.20728
1.584
-1.3825
2.2916
1.427
1.4579
0.76128
-1.5903
-1.5109
-1.9076
-1.5766
1.8273
0.58122
-1.0417
0.09017
0.6509
-1.141
-0.51606
-0.86041
-0.67618
0.73515
0.87617
2.1339
0.41504
-1.0241
-1.5418
0.93642
-1.4042
-1.503
-0.38207
-2.0851
0.97944
0.54704
-0.074402
-2.2958
0.34992
-0.64807
-0.6717
-1.3081
-1.7024
-0.65987
-1.3331
-0.67132
0.91532
0.041563
1.669
-0.48412
-1.1333
-0.94246
1.0516
1.1249
-0.45971
-1.2522
0.11229
0.19868
0.77463
0.43939
-1.466
-0.15636
1.816
1.0534
-1.0888
-0.93265
-1.4975
-1.259
1.6282
-1.0466
-0.64228
1.4588
-0.28029
-1.3745
-1.5217
1.2656
-1.66
-0.17708
0.24866
-0.23587
2.1385
0.098053
-0.17252
1.3633
-0.91904
0.83342
0.87001
-0.38196
0.54731
-1.4269
3.1632
0.11405
1.7611
1.6706
-1.0178
-0.21769
0.86628
1.533
1.4701
2.1231
1.8555
1.3177
0.61379
-1.1979
-0.64257
0.67029
0.68867
2.0181
0.90635
-0.10687
-0.53493
1.1716
0.66466
-1.2782
-1.0977
1.0261
-1.7134
-1.0177
-0.53696
0.34629
-1.2759
1.1942
1.1945
-0.11327
2.1776
1.3115
0.4214
-0.62672
-0.12312
1.7898
-0.92826
-0.018923
-1.9021
0.74373
-0.63557
-1.4126
-0.098181
-0.075307
0.68321
1.7003
1.306
0.08632
-0.9614
-0.52829
-1.48
0.51398
-0.77577
-1.7265
-1.4772
1.9281
0.75932
1.3183
0.65783
-2.0806
0.66509
-1.3931
-0.85924
0.64787
1.7073
-2.4391
1.2723
-1.3726
1.6752
-0.95223
0.1423
-1.286
-1.2223
1.3327
-0.26256
-1.8456
-0.85503
0.86671
1.1742
0.066231
0.81751
-0.93573
1.4693
-1.4329
-1.7098
-1.1609
-2.2437
1.3539
-1.7254
-2.0889
1.041
1.3349
0.83583
-0.62837
-0.47207
-0.52269
0.85446
1.1857
-1.3866
0.056786
-1.504
0.19321
-1.4383
0.51402
0.10502
-1.8939
0.21054
-0.95301
-1.6466
-0.25302
-1.6709
2.074
-1.2041
-1.5381
-0.07579
-1.3904
1.0063
1.509
1.2033
0.55267
-0.4744
-1.5475
-0.52225
1.7535
-0.82806
-0.35102
-0.77403
2.0166
0.049392
0.59168
1.0141
1.4209
1.8983
-0.89664
0.63962
-1.0209
0.066917
0.62746
-1.6017
1.1276
-1.1709
-0.19804
1.1375
-1.7935
1.3075
-1.6966
1.1451
0.71168
-1.3063
-0.85883
1.8021
-1.7106
-0.12197
-1.2806
1.5829
0.62634
2.2115
1.8352
-1.4803
2.2804
0.80439
-0.43537
-0.87549
0.99659
2.4217
-2.077
-2.0622
-0.43168
-0.51449
1.5752
1.9149
-0.040482
-1.0228
-1.4191
1.6529
-1.4433
1.5627
-1.535
-0.24582
-0.73903
0.16988
-1.8058
-0.96035
-2.3846
1.641
0.033521
-0.53706
0.19677
1.1683
2.5664
1.8804
