-1.7886
1.3977
0.49213
-1.5482
0.38378
1.1193
0.96111
0.50009
0.19234
0.75241
-0.22643
-0.93871
-0.44521
0.91402
1.6305
-1.2031
1.4808
-1.3516
2.3521
-1.2088
-0.94341
0.26487
1.4656
-0.44881
-0.25059
0.44345
-0.74592
0.9042
-1.4155
0.31173
-0.11213
-0.33947
-1.9238
1.4085
-0.59694
-0.0061114
2.8238
-0.74251
-0.83713
-1.2054
-1.1036
-1.6053
1.3738
-1.4485
0.58282
1.3813
0.55607
1.763
-2.7579
-0.37603
0.27295
-0.62351
-1.5044
-2.2868
-2.7063
0.98522
-0.21037
1.492
1.9667
-1.3299
2.0343
2.3857
-1.7404
0.94091
-1.9361
-1.146
0.9499
-2.4386
-2.3138
2.9292
1.527
-2.2085
1.499
1.2648
-1.724
0.32859
-0.45524
0.073834
1.7954
0.51915
0.70633
-0.35933
1.082
0.49999
2.1224
1.0342
-0.1943
-1.1234
-1.0965
0.62029
-1.411
0.0019568
-0.74198
0.60293
0.85058
0.24862
1.4238
-0.32919
-0.33931
0.54685
0.57288
-1.6527
0.62855
1.0647
-0.13186
-1.7936
-1.0098
-1.4283
1.2231
-1.3834
-1.078
-0.65321
-0.21326
-2.6722
-0.76411
0.35591
0.8177
1.9932
-0.70022
-1.1975
-2.5625
-2.2177
0.1908
-0.35751
-0.20649
0.68081
2.4008
-0.4795
-0.90219
-0.78292
-1.973
1.7238
-1.3586
0.56004
0.16735
0.24669
-0.30882
-0.63622
-0.3533
-1.5695
0.99212
0.17672
1.1669
-2.0204
1.1558
0.47674
0.026004
-2.8332
2.7602
0.54904
-1.0407
2.0233
-0.20046
-0.14577
-0.95055
1.525
1.4219
-0.93773
0.99632
0.45823
3.0775
-0.48846
-1.3381
-1.6191
1.2627
-0.13225
-0.64644
-0.6432
-2.068
0.64782
2.2567
-1.1142
-0.7669
-1.6341
1.5095
2.2986
2.143
1.3363
-0.79309
0.87362
-0.19704
0.58806
-2.6396
0.61422
1.8372
1.6709
-1.5245
1.3641
-0.20444
1.2355
-1.8131
0.26226
-1.0918
-1.2351
2.2367
2.8548
-1.2148
-1.5166
0.11986
1.1882
0.94969
0.21961
-0.26058
-1.3658
-0.72743
-0.56912
-0.57923
1.0002
1.2915
1.515
-2.7601
0.57047
-2.3255
0.1464
0.74551
-1.7357
-0.59433
-0.59209
1.7232
-0.3978
1.5173
-1.3844
-1.2695
-0.19414
0.95157
0.74688
-0.070249
0.66121
0.15676
0.0088948
-0.26863
1.0515
-0.03239
-0.89896
-0.53267
-0.4997
-0.30285
-0.85145
-0.75807
-0.78198
0.89874
0.89208
-2.277
0.80664
-1.1802
0.044694
-1.4594
0.37526
-1.6169
-0.71831
-2.1273
0.68964
0.51078
1.4595
2.4951
-1.2669
1.6905
-0.49429
1.2999
0.77944
-0.33417
1.4468
-2.9005
0.50363
2.8461
-0.58835
-1.7428
-1.5734
1.6267
0.72931
1.3931
1.3768
-0.93206
0.26651
0.89513
1.9438
1.5341
-0.85493
0.34537
2.6272
0.66661
-0.55539
0.092973
1.6825
-1.6995
-2.0071
-1.6969
0.92546
-0.67986
1.6559
0.46919
0.17468
1.6546
2.2808
1.2632
-1.5655
1.3691
-0.5098
-1.4416
0.7711
0.22457
-1.4713
0.55353
-1.7687
0.24433
-0.66981
-1.1577
1.1441
2.0762
0.63936
-0.085995
-0.48938
2.467
-0.43606
2.834
-1.0625
-0.56755
1.6723
0.83344
-1.5735
-0.13576
-0.64461
0.74735
0.35309
-0.78664
-2.4304
0.98531
-2.3199
-2.7815
-0.10983
1.2649
-0.058837
1.4637
0.86775
1.0534
-0.359
-1.7176
-0.89513
1.2196
0.24698
-1.2997
1.8518
-1.1324
-1.1832
1.8937
1.1222
-1.7215
-0.91413
0.14603
-1.2651
0.68321
0.63555
-0.32403
-0.51571
0.041298
1.8271
-0.91136
-1.1888
0.99787
0.24743
0.78268
0.50348
1.0115
-1.0729
-1.7387
1.0484
0.2908
-0.67871
0.66889
-1.7571
-0.57276
-1.8866
-1.9659
-1.43
1.0807
-0.40003
-1.7218
-0.30593
-0.13705
-0.66899
-2.8138
-1.4034
1.0056
0.0099402
0.11496
-0.66738
0.53578
-0.395
-1.5333
0.4637
1.8555
2.7964
-1.289
-0.56852
-0.012303
-2.4315
1.3787
-1.3158
-0.58979
-0.84239
-0.53512
-0.89688
-0.33912
-0.54431
0.18726
-2.4491
1.1699
-1.4617
-1.5784
-0.019925
-1.0747
-2.5955
-1.6596
0.25436
-1.1657
-0.66655
-0.43562
-1.5079
0.67818
-0.30934
-0.31762
-1.4217
-2.0414
-2.0036
-0.56208
-1.076
-0.3334
-0.45391
-1.2005
-0.22024
0.69167
-0.917
-1.3753
0.61466
0.81558
-0.3439
1.2898
-1.4605
0.29985
-0.71781
0.62355
0.62407
2.7017
1.4349
-1.6035
0.66289
1.1873
0.87042
1.021
-0.38963
1.8737
-0.73546
2.0948
1.1742
0.66442
0.068463
-1.3254
-1.3112
1.3119
1.225
-0.25918
-1.1584
1.3049
1.1381
1.2046
-0.39466
1.4349
2.487
-1.297
0.97281
-0.86968
-1.5778
0.7348
1.7049
2.5711
0.40863
-1.6646
0.69223
3.2112
0.55418
0.56584
0.27003
1.7213
0.71549
0.50564
0.82847
-0.92763
-2.0395
-0.052192
-0.0732
0.25902
-1.6873
1.1644
-1.9371
-1.1412
0.98419
-1.5001
-1.1225
-1.6841
-1.7344
1.5617
-0.90899
0.24203
-1.0641
-1.6062
-1.7231
-0.10647
2.0601
0.94831
-0.11104
1.8963
1.7149
-1.2778
1.9554
0.44188
-0.45452
2.1649
-1.2896
0.93076
0.084337
0.036294
-1.1021
-1.3948
0.94028
-1.8637
-2.033
-0.017691
1.6771
1.2388
-1.5374
2.0709
-0.34405
-0.83989
1.2715
-0.17591
-0.48136
-0.82447
-1.3543
0.6039
-0.64272
-1.3461
-0.45802
0.72693
-1.2121
-0.89276
-1.6708
-0.84455
-0.12537
1.2709
-1.1764
0.6806
-0.91423
1.3984
0.48646
0.89576
1.2438
2.1012
0.34833
0.96913
-0.93281
2.3409
-0.48659
0.17755
0.42834
1.5079
1.8271
1.1507
-0.6196
0.4605
0.7803
1.0704
-1.4203
0.71434
-3.0393
0.040495
2.4082
-1.5788
-0.1562
-0.35961
-0.44451
-0.16286
-0.24314
1.9558
0.32653
-2.0678
1.9479
1.8111
0.79189
-0.94934
-1.6764
-0.037826
-0.52832
1.6551
1.2641
-0.81401
-1.3137
0.0071066
-1.0231
1.2697
0.84508
0.73082
-2.1085
-0.018674
-0.26061
0.14121
2.0632
1.1872
0.15748
-0.87891
-1.098
-1.8575
1.7104
0.42784
-0.35987
0.78926
0.29726
-2.7529
0.62745
0.039184
-1.244
-0.83913
0.14018
0.34541
1.2531
0.05427
-0.7798
2.4464
-0.62967
-1.8325
0.17267
1.4599
-0.20721
-0.79128
0.29455
0.58489
-0.96773
-0.7443
-0.62946
0.29557
0.23828
-0.36464
2.0291
-1.1361
-0.7399
0.89127
-1.0381
0.49815
-1.8773
1.2703
-0.56198
-0.37948
-0.70344
1.7834
-1.4427
-1.3246
0.95353
-0.99376
-0.9503
-2.1562
-1.5794
-1.0491
-1.9422
-2.2402
0.91602
1.3396
-0.43663
-0.28073
0.74626
-1.1597
-1.8986
1.2946
2.4074
1.0767
-0.19234
0.22647
-1.4401
2.6813
-1.7853
-0.97494
-2.0286
-1.6364
0.93079
-0.5646
0.38349
-1.4843
2.2707
0.4897
0.46496
-0.43808
2.2995
-0.78491
-2.1244
-0.86143
2.3149
1.245
2.0195
-0.92221
-2.139
-0.33863
0.93732
-2.3739
0.20528
1.3308
1.1763
-0.53945
0.37014
0.10152
0.98086
-1.5086
-0.021264
1.6039
-0.085197
-0.23673
-1.3928
0.33009
-0.98186
1.4137
-0.31982
2.6005
1.935
-1.9459
0.062636
-0.69873
1.8028
-2.1001
-0.11552
-0.13681
-0.41857
0.92006
-0.89854
-1.5426
-0.28717
-0.6543
1.0815
-0.073121
-0.11738
-2.5737
-0.098114
1.9685
0.99952
-0.51514
1.0077
1.0368
1.008
-0.13397
-1.3317
-1.4509
1.3076
-1.3835
1.0837
-0.27988
1.0271
1.2866
-0.054488
1.9656
-2.8982
0.95033
1.0676
0.31672
0.50931
-2.0743
-2.3208
-1.2722
-2.1833
2.2689
0.41539
-2.136
-0.29928
-0.65561
0.37031
-1.1787
0.089957
-0.48628
-0.81083
1.3688
1.6522
1.5311
-0.21623
1.384
0.44989
-0.23602
-1.4963
0.73807
1.8234
-1.6897
-1.2806
-0.16376
0.9824
-3.0229
-2.2396
1.1554
-2.345
-0.62729
-1.5366
1.6704
-2.435
-0.90354
-1.2465
-1.0803
1.0349
1.2472
0.057933
-1.8628
-1.7788
0.56273
2.2616
1.7839
-0.39917
-1.0215
1.137
0.38866
1.6745
2.4723
1.3954
-0.56008
-2.0703
-0.32948
-1.7359
1.1111
1.1465
1.3885
1.4485
1.0549
-0.91325
0.29593
-0.12345
-0.82209
-1.201
-2.0207
-1.7611
1.3623
-2.1616
-0.4737
0.9344
-0.012771
0.6808
-0.55945
-1.0054
-0.40518
2.8015
-0.97635
1.0868
0.096765
1.2898
-0.0056138
0.14814
1.027
-1.3636
-0.34104
-1.0509
0.13529
1.4577
0.53911
0.26059
0.73198
1.282
1.2573
0.95926
0.4808
-1.2755
-2.1741
-1.8141
-1.2727
-0.50599
-1.7251
0.827
0.72795
0.21394
2.2048
-0.7313
0.043437
-1.0447
-0.39144
-1.9077
2.168
-0.94652
-1.5425
-0.45782
-1.0109
-1.9544
0.40364
-1.9096
2.0743
2.4298
-2.4522
-1.4513
-0.32793
1.2385
0.33045
-2.2558
2.0922
-1.7304
-1.6608
0.98666
0.0063562
1.3067
0.59989
-0.79157
0.018449
-0.31177
-2.2498
1.2626
0.13355
0.057857
2.0352
0.57164
-0.90323
-0.72294
1.1417
0.72725
-2.6045
-1.057
-0.99188
-1.9272
-0.21195
1.6694
0.046214
0.79273
1.542
0.17285
-0.51322
1.0987
-2.2522
-1.1749
1.6396
-0.98586
1.3937
-1.0641
1.3649
1.3779
-1.3824
-0.92017
0.76367
1.2422
2.8465
0.24857
-0.65813
-1.3192
-0.61933
-0.3009
-1.1173
0.15853
-1.0633
0.81096
-0.60257
1.2476
3.4341
-0.01249
2.1514
-2.1577
-1.3469
-2.0438
3.4754
-0.81746
-1.3819
2.1554
-2.3977
0.40693
1.7213
1.2789
-0.055312
-0.13255
1.7218
1.2527
-0.6491
0.28934
-1.905
-2.3011
1.3328
0.98705
-0.73585
2.6936
2.3553
1.4773
0.68791
-2.2613
-0.2051
0.513
0.39893
1.2012
-0.15578
1.2257
-0.44943
0.024628
2.39
0.25012
-2.4289
-0.5132
0.49509
-0.47259
-0.062382
1.8642
-1.4275
0.13046
2.598
-0.077744
-1.2216
1.3598
-1.7175
0.90855
0.96072
-1.4141
0.7294
1.2314
1.0913
-1.1254
-1.8307
-1.1321
1.0492
-0.77915
1.5311
-0.20707
-1.0037
-1.3866
0.84973
-1.6378
-0.95279
0.39613
0.53542
0.17635
-1.0129
-0.8842
-1.3469
2.529
1.8314
-0.12308
-0.073076
-0.60642
0.95841
0.55702
-2.6173
1.7113
-1.3556
1.0818
0.8139
-2.1092
-2.0959
-2.1173
1.2383
0.18402
-1.9567
0.83167
-2.8703
-0.036174
0.39293
-2.3146
0.18676
1.7997
-1.9942
2.3783
-0.88426
0.66579
0.98581
-1.6901
1.517
-0.87155
1.567
-0.17359
-1.8206
-0.48144
-2.9334
0.70668
0.87374
-0.22602
0.51801
-1.4751
0.22227
2.079
1.1954
-0.97185
1.8894
-0.30199
-1.9152
-1.9918
-2.3544
-1.153
1.585
-0.97194
-0.22417
3.0299
1.443
1.7014
-1.0078
1.3674
1.7041
-1.0193
-1.7834
-0.96355
-0.2917
0.6661
-1.3582
-1.3935
2.1192
0.11074
-1.2753
-2.0769
0.90471
-0.65776
1.0643
0.05172
-1.3647
-0.77583
1.3978
0.50903
-1.3264
-0.55868
-0.76429
1.0059
-0.95199
0.9723
2.6337
-1.1707
-0.55073
2.1332
-1.5768
-0.23205
1.192
-0.80532
-1.2809
-1.6321
-1.5257
-0.4326
1.7215
-0.67947
-1.4093
-0.28603
-1.1729
1.2187
-0.78957
-0.77616
-2.1463
0.88079
-0.26314
-1.0829
-1.0481
0.67655
-1.1007
2.007
-1.7781
1.1844
-2.7179
0.47505
-1.8442
-1.3185
2.017
-0.36273
-0.89627
-1.0318
-1.1521
0.1057
1.2516
0.043564
1.1747
-0.86256
1.0005
0.8473
-0.97685
-1.0578
1.3198
-0.7067
0.94423
-1.1686
-1.6361
1.3136
-1.3956
-0.23385
0.23921
1.5796
-0.94795
3.5636
-1.1843
0.36046
1.3538
-1.0361
-0.49108
0.13203
-0.33304
0.52891
-1.8442
0.6467
-0.071145
-0.36788
-0.1972
-1.5361
-0.55751
0.68762
-0.37096
0.61441
0.18593
-0.99596
1.5896
-0.30739
-1.4537
2.1435
-0.75546
0.71019
1.7682
-1.4068
-2.5692
-2.1274
1.0782
-0.84284
2.7835
-1.3247
-1.5182
-1.6587
0.24879
-1.4756
-0.48016
-1.2052
-1.9722
-0.18226
2.9217
-0.66247
1.1764
1.9786
-2.4117
0.75255
0.10276
0.79763
1.3882
-2.0258
-1.1814
-1.1128
-1.8357
0.030309
-1.0023
-1.3317
0.92677
-2.0465
1.0659
1.1745
0.16802
0.35358
-2.7686
-0.4991
-0.45064
-0.88902
-0.8909
1.287
1.2524
-0.31044
0.46728
-1.399
-2.0613
1.6348
1.5066
0.58348
0.26156
1.3118
1.4683
1.2429
-2.1662
1.0087
2.1516
-1.5436
1.2364
-1.0497
-0.01267
-1.8179
0.44324
-1.0228
-0.87109
0.35182
-0.17692
-1.0332
0.8841
-1.5296
-0.61767
0.1482
1.0354
-1.143
-0.7772
-1.5512
0.2297
2.4006
2.0461
0.54916
-0.55517
1.6805
0.012007
2.2054
0.91639
2.4194
0.13391
-1.4719
1.6524
-1.2306
-0.3576
-0.72234
0.032337
-1.5315
-1.2322
-2.6161
2.4176
-0.27169
-0.26439
-0.1543
-1.3173
0.48268
-1.2548
0.23455
-1.0559
-1.5347
0.53972
0.17232
0.97603
-1.0056
-1.4296
0.56576
1.9813
0.31045
-1.4
-0.47589
0.61021
-0.5533
0.18148
-0.18405
-0.67848
0.49133
-0.84067
0.57403
-0.55074
-0.4879
-1.0722
-0.12734
-2.2406
-1.5891
1.3751
2.4877
-1.7865
2.1351
0.5407
-1.318
-1.1769
1.6717
1.4329
-0.35281
0.30962
1.6429
-2.1141
1.8147
1.7252
-1.1323
1.1301
2.5016
0.097063
0.37083
0.45925
-1.7157
1.0254
-0.97246
-0.7398
0.34497
-1.7764
-0.11289
1.9295
1.3592
-0.49418
-0.52688
0.73214
1.2986
-0.81679
-0.35182
-0.29826
-1.2163
-0.366
0.30488
2.3602
-1.2925
0.18467
-2.4548
-0.72239
-0.88197
1.8164
-1.6505
1.119
3.0147
-1.2631
-1.4629
0.1403
1.2388
1.0516
-1.4149
-1.2733
1.3452
-0.19323
-1.2933
1.0918
2.5615
-1.9595
-0.51496
-0.42075
-2.2264
-0.48559
0.38413
-1.0339
0.90834
-0.59042
1.0497
0.068665
-0.041587
1.0713
-0.90732
1.1273
-1.9915
-0.35786
0.20669
0.42102
-1.1401
0.9964
1.658
1.522
0.16609
1.112
1.2804
0.96766
0.63022
0.055415
-0.66821
-0.80082
-2.221
1.4603
-1.5876
-1.3674
-1.3718
1.4979
0.91795
0.2112
0.13353
1.1414
-1.8043
0.29375
-1.5364
-1.8255
-0.9683
1.9115
0.085496
1.1716
-2.0822
-1.5942
3.2851
0.8253
2.0176
1.7497
-1.0727
2.1043
-2.0107
-0.43052
0.58019
1.9817
-1.3225
1.5763
-1.3522
0.43529
-0.16236
4.3101
1.3175
-0.12965
0.52515
0.22932
0.38178
1.0908
3.4144
-1.2853
-2.4489
0.46544
-1.719
1.1106
-0.58178
3.6144
-1.4799
-0.56997
-2.2727
-1.8777
-0.60919
0.45943
1.3245
-1.1959
-0.653
-1.1506
0.20476
1.192
0.76403
-0.12961
-2.2426
1.8678
0.78383
0.27429
-0.72249
-1.4703
0.52194
0.38535
-0.51029
0.23996
1.7991
-1.8073
-1.7478
0.78253
-1.7542
0.3724
0.50553
-1.4186
0.29478
1.9723
-1.6641
-1.8522
-1.8621
-2.4904
2.0337
-0.35281
1.3737
-1.7545
0.63618
-1.529
-1.7977
1.2132
0.1052
-0.78133
0.25909
-1.1238
-0.85802
-1.4864
1.1056
-2.1199
-1.1015
0.88434
0.38075
-0.75924
-0.61181
-1.1208
2.091
-0.24313
0.65835
-0.42653
0.18732
-0.15053
-0.65946
-1.2351
1.0219
-1.0262
0.96501
-2.432
-1.7084
0.29252
-0.97314
1.5466
-1.1333
-0.27843
-1.8793
-1.6154
-3.0313
-0.36113
-0.34023
1.7606
-0.56051
0.016287
0.99872
0.90258
-1.2131
-1.3438
0.45688
2.5817
0.51046
-3.4272
0.72173
1.1275
0.75742
-0.0082292
-1.4716
1.5068
-1.4946
0.24904
0.52449
-0.060639
-1.6927
0.56327
-0.82621
-0.1164
-0.058771
-2.3708
-0.098132
-0.080488
1.3692
0.91729
1.2897
2.3924
-1.1083
-1.0925
-0.27669
-0.19723
-1.0123
1.7558
2.3257
-0.21837
-0.98029
1.4605
-0.40555
-0.65861
0.79116
-0.33408
-1.1314
-1.5843
-1.1873
1.6826
0.55171
-1.0251
1.9471
1.8819
1.6254
1.6963
-2.3434
2.3562
-0.57137
1.5854
-0.92126
-0.36668
-0.41963
0.041891
-1.4853
-1.0976
0.2171
1.3309
-0.5631
-0.90121
-0.43246
0.31415
0.21749
0.4034
1.1444
-0.53526
2.1848
-0.086465
0.97786
-0.086745
-0.25134
-3.0441
0.096258
0.77629
0.17348
-0.20278
-0.14308
-2.7954
-1.1404
0.72621
1.3607
2.7051
-0.69177
1.1501
-0.42654
0.4127
-0.90355
-1.7665
-0.6692
1.064
-1.9248
-2.0035
-2.2711
-2.2121
0.83003
-0.99046
-2.2578
-0.45132
-1.4233
0.78438
1.5157
-1.2184
-1.6844
-1.0422
2.5259
0.22507
-1.7172
-2.1108
-0.34897
-1.7639
0.3491
0.7256
-0.78636
1.7157
-2.6248
-1.2533
2.7176
1.2387
-0.47053
0.89714
-1.382
1.3486
0.087985
-1.9077
-2.4762
0.023259
2.1982
-0.4477
1.4394
1.3093
-1.2049
1.0733
-1.403
-2.2903
-0.20785
-0.24971
-1.4511
-1.0881
-0.91547
-1.4327
-0.48349
-2.759
-0.55796
0.17646
-1.3645
0.11104
0.48416
0.53451
-0.33912
0.50083
2.0194
0.23482
-0.77586
-0.29635
-0.97267
-0.21043
0.12291
-0.56867
-0.72361
0.93863
1.0033
-0.12634
0.37766
1.3391
-2.226
-1.66
-1.5764
0.62549
-1.6152
1.711
0.97427
-1.3684
-1.2352
-0.9883
-0.30533
-0.82718
-0.82147
-0.95355
0.68841
-1.1095
-0.3816
-1.0518
-1.5684
0.40199
-1.3023
0.76934
1.2827
0.08576
1.3067
-0.36652
-1.1869
-2.4525
1.0511
0.34374
1.4241
0.67873
-2.2273
-1.8421
0.37792
-1.7021
-0.70768
-1.1926
2.3638
0.48971
0.90897
-0.70298
-0.7481
-1.624
0.99144
-0.59845
-2.8992
1.0531
0.027893
0.1425
-1.3461
-0.16318
1.542
-1.3201
2.029
1.3403
0.92989
-2.2554
0.11746
1.0209
-1.7233
2.1738
-1.9175
-1.8106
0.68884
-0.052968
1.424
1.1315
-0.43489
0.283
1.9198
0.76019
-2.0516
-2.1286
-0.5168
-1.7348
1.5053
-1.257
-0.99091
-0.20092
1.5863
-0.55165
0.5138
-1.782
0.83798
-1.9711
0.93169
0.77475
1.7575
0.2867
-1.9181
1.5039
-0.69777
0.4662
1.204
-1.5265
-0.3488
0.035529
-1.6746
1.0714
0.50609
0.62888
1.8311
0.27339
0.40057
-0.85954
-1.6897
-0.51102
-1.5178
-0.18293
0.48268
0.70716
-0.603
-0.67546
-0.063979
3.0361
1.0998
0.94636
1.9839
0.3074
-2.8292
1.7728
0.12998
-2.26
-0.59527
-1.6837
1.0514
-1.4467
1.0113
-1.0154
1.5276
-2.0331
-0.31437
-0.82378
-0.2378
1.8147
-0.49852
2.3026
-0.090783
-1.2063
-2.7487
-0.51731
-1.9396
1.1284
-1.5276
-0.52001
-1.2133
0.3221
1.6331
-0.42474
-1.9979
0.53479
1.4068
-2.0681
1.266
-0.4573
-1.0431
1.1292
-0.73166
0.59964
1.4466
3.3732
0.49574
1.5059
0.068282
-1.1333
-0.83729
-1.2427
0.68339
1.4938
2.221
0.31472
0.99414
1.1985
-1.8962
-2.2274
0.4445
0.66404
0.24304
-1.9099
-1.0267
2.5658
2.2008
0.80603
-0.35867
1.3984
-2.477
1.3505
-0.76783
-1.8272
0.36388
1.9714
-0.94834
1.4038
1.3842
-1.2533
0.4338
-1.9938
-0.42612
1.4753
1.4475
1.3842
-0.25182
1.9603
-1.7294
0.25683
1.7101
2.2529
2.1003
-0.97162
1.4677
-0.37727
-0.86646
-1.7997
0.42165
0.56716
-0.47674
1.1939
-1.2915
-1.7332
-0.093057
-0.36068
-1.9093
2.1157
-0.73473
1.6379
-2.7482
0.81249
-0.72147
-0.93742
1.6581
-2.7558
0.61788
2.6349
-0.70446
-1.2107
-3.1658
-2.0451
-1.6219
0.013399
0.32352
1.5788
0.85568
1.0965
1.6243
-3.2128
0.3807
-0.50217
0.42996
-1.6129
-1.8491
-0.77891
-0.71017
1.4715
-1.3474
-0.89384
0.32596
1.0252
-3.3499
-1.4392
-0.10256
-1.7611
2.0046
1.9735
-0.29226
1.3706
-0.43594
1.6976
-0.70622
0.79556
0.23199
-0.62201
0.91299
0.4097
0.44502
-1.6989
0.30753
2.6171
0.44038
-1.8324
0.89587
2.823
-0.99835
-1.8191
-1.0552
2.219
1.1373
2.6338
0.28336
-2.0407
1.2302
-1.2636
0.56124
0.61185
-0.52113
-1.7247
1.0314
0.36227
0.29888
1.0175
1.5202
0.92175
-0.43545
2.3727
1.8409
-0.62318
0.96701
0.97642
1.1722
0.64465
2.2837
1.015
0.72357
-0.85148
-2.0147
0.9999
1.8195
1.2033
0.017226
-0.70261
0.2369
1.3681
2.029
0.36249
1.5131
0.34846
0.75701
-0.92458
0.90925
-0.29402
2.1754
-1.9185
0.017469
-1.7397
0.47811
-1.2332
-2.2068
0.068342
0.35788
-1.6394
2.815
0.59968
2.2797
0.3809
-1.9771
1.6445
1.7296
-1.3451
-1.2299
2.2282
0.90514
-0.39143
0.15105
0.87411
0.53382
0.54502
1.3027
-0.39111
-1.5587
-0.46978
0.96701
1.0461
0.31728
1.0164
0.89262
-0.17135
-0.46601
-1.7874
-0.20254
2.4406
-1.0054
-0.15718
-1.4777
2.3053
-1.1881
1.984
0.40864
1.4917
-1.0937
-1.8793
-0.43557
-0.7851
2.054
0.18699
-0.52143
-0.28812
0.34079
-1.7917
-1.1889
1.0899
1.7748
0.55222
1.0677
-1.7435
1.5494
2.253
-0.63808
1.0314
-1.4594
2.4107
-0.48628
-1.5154
0.33159
-1.9115
-1.9366
-1.0313
1.5478
1.807
0.20689
-0.79108
1.7665
1.8282
-0.57414
-2.3875
1.8691
-0.23801
0.33784
-0.34111
0.15107
-2.1511
0.6122
-1.5931
1.2953
-0.69166
-1.4654
-0.43128
0.19855
1.2289
-0.14782
-0.31489
-1.6258
1.1783
1.5397
-0.096976
0.52086
-0.80646
-1.2298
-1.9
0.80551
0.23285
0.24859
-0.054704
-2.6281
-3.414
1.9579
-1.5255
-0.54373
-2.1981
1.6391
2.881
-1.8959
0.92306
-0.69212
0.20024
-0.038102
-1.297
1.2158
0.11761
1.7589
0.80258
1.0785
0.33795
1.3475
1.4428
1.6213
-0.52092
0.1531
1.4616
-0.054011
1.2274
0.58785
0.044692
-0.468
1.1936
0.24309
1.3451
-1.646
-0.40013
0.48522
-0.32913
1.4838
-0.71844
-2.3792
-0.23452
-1.3247
-0.47102
0.49576
-1.3245
1.5909
1.1813
-0.11101
-0.67538
-0.80454
1.093
1.083
0.59111
-2.6542
0.43769
-0.16892
-1.7913
0.44511
1.529
0.83866
1.2028
0.60166
0.13302
1.0949
1.1226
0.52857
-0.031003
0.78578
-0.74089
1.7287
1.0552
0.31351
-0.44076
1.4512
1.0255
-1.3804
1.6613
1.968
-0.078265
1.6476
-0.82686
1.8935
-0.61187
1.3188
1.0339
1.056
1.8498
-2.1645
-0.88253
1.444
0.69604
-0.70047
0.5847
1.9083
-1.6757
-0.84719
0.76075
0.6369
-0.52192
-1.3647
-2.5937
0.31968
1.85
-1.9393
0.6564
1.8447
-1.7406
-1.5202
0.16125
1.3261
-1.7253
-0.56902
0.44695
0.19185
1.5868
1.0271
0.10549
-0.19362
0.88073
1.1333
-0.23604
2.0764
1.8753
0.60309
-0.71634
0.68081
0.13084
0.98095
2.5187
1.4879
2.2062
1.5829
-0.31355
0.78299
0.61632
0.74863
2.2479
-0.9457
-1.8328
-1.24
0.69391
0.83339
1.181
-1.0755
1.2888
-2.2526
-0.26697
1.1952
0.3681
-1.2631
-1.312
1.0501
0.34305
2.0718
0.30913
-1.0157
-2.3916
-1.3038
0.49042
0.95376
-1.0205
-1.0916
-0.082205
2.4426
-2.483
-0.84975
-0.38639
-0.55869
0.031097
-0.92718
1.8572
-1.3698
0.25851
1.4655
-0.95188
0.087217
1.7986
-1.6972
0.59661
2.2556
-0.17972
-1.3881
-1.1151
-2.1258
1.9746
0.18707
2.4078
1.6696
-0.48375
-1.3341
-0.51763
-1.8643
-0.98389
1.0655
-0.70706
0.80255
1.1363
1.2744
2.6803
-1.7837
-3.1016
0.026113
-0.17587
2.1941
-1.5621
-0.36004
1.6532
1.6346
0.20138
1.22
1.2121
-0.59094
0.39662
1.3516
-0.86967
1.8066
0.91687
-2.9715
-1.1774
-0.84278
1.3772
-0.65755
0.45863
-1.6859
1.5757
-0.10803
-0.16884
-0.65821
-0.82857
0.57904
0.74587
-1.1159
-0.54028
1.8112
-2.2239
-2.4624
-0.68257
0.6941
0.87333
-1.0043
-0.23556
-1.0342
-1.108
2.0323
1.4688
0.66145
0.21593
-2.3115
0.42616
0.95015
0.86856
-1.5869
-2.744
-1.8726
-0.12507
1.4951
-1.7545
-1.45
1.9072
1.9869
2.3012
-1.095
-0.048909
2.1559
-1.3201
-1.7421
0.76415
-1.3719
0.52694
2.7068
-0.12598
-1.9337
0.71872
-2.9986
0.66024
0.60921
-1.8833
-0.24071
-0.67574
1.5862
1.6215
-2.3125
-0.33428
-2.0129
-0.66012
1.8194
2.0151
0.71466
-1.4821
-1.0344
2.0009
0.95654
3.1096
-2.9312
-1.3254
-0.042417
-2.5327
0.021119
0.47793
-1.1012
-0.11281
1.7964
-1.3001
-0.0028045
-0.4607
-0.8447
1.5499
0.71776
1.2931
-1.1588
-0.41136
-1.9285
1.7409
-1.3326
-0.091785
1.4788
1.9453
-0.81333
0.15337
-2.3201
-1.7058
1.3421
0.53019
-1.3936
-1.2281
-1.7066
-2.0596
-1.4388
-0.83635
-0.93246
-0.33312
-2.1627
-0.31491
-2.3613
2.0581
-0.16476
0.52844
1.246
0.74867
0.43051
-1.6872
1.321
0.58107
0.2844
-1.8492
1.1465
-0.48936
2.1079
0.95081
-2.0289
-1.5855
0.81641
1.3725
1.2234
-0.99559
0.50396
-0.90879
-0.44469
1.1774
2.1644
-0.68918
0.17524
0.49326
2.073
0.082051
1.6848
-0.57888
-0.30187
-0.73633
-1.1497
1.6864
-1.4658
2.0207
-0.0014057
-0.61026
1.1231
-0.87347
1.1234
1.9842
1.2776
-0.52841
-0.64382
0.98986
2.3217
-1.7302
1.9684
-1.1264
-2.2067
-1.7522
1.1677
0.97729
-0.060775
0.27158
1.3443
1.2242
-0.73006
0.61919
-1.1774
-1.4436
1.3646
0.49587
-0.50978
1.9318
-2.4391
1.7595
2.2626
-1.0915
2.4387
-1.7449
-0.80535
1.2829
-0.72879
-2.4997
0.87558
-0.69383
0.97271
-1.3532
-1.3161
1.3873
1.469
3.0716
-1.0544
1.1076
0.031626
0.83382
-0.1649
0.75893
-1.253
0.21537
-0.69073
-0.96373
0.3703
0.26391
-1.8964
0.56822
-0.40214
1.3003
-2.0945
-1.2615
0.79524
1.185
-0.79776
-1.4213
-1.2019
1.8527
0.050099
0.51349
-0.18697
0.86689
-1.2821
-3.0512
-0.0636
0.14095
0.21576
1.4573
1.142
0.2248
1.4135
1.4583
-0.59902
-3.2318
0.021115
-1.4204
-0.57048
0.62996
0.68585
0.8332
-0.56482
2.029
1.453
-2.0251
0.091228
1.822
-0.3056
0.52199
1.5894
-1.9285
0.47735
0.38062
-2.1863
0.37257
-0.10197
-1.5819
2.6021
-1.2976
-1.846
-0.36693
0.77377
-2.0916
-1.3361
-0.53317
-1.3996
1.8077
2.1456
-2.0402
-1.8593
-0.33589
-1.3935
0.36042
2.2268
0.76407
0.29938
2.0016
2.2834
-1.5193
-1.096
-1.2828
1.6876
0.85716
0.66275
0.92281
-1.7517
1.5346
-0.62472
-0.1467
0.83597
0.28364
1.0242
2.0806
1.3424
0.34217
2.3652
1.5664
1.1667
1.1717
-0.59429
1.1616
0.51471
0.41603
2.3836
1.7642
0.43463
1.1993
-1.3283
1.1208
0.26779
-0.11102
1.4279
1.1903
-0.29002
-0.12854
-1.1181
0.79603
0.42103
-0.71481
2.8084
-0.54875
0.47916
2.0388
-0.88078
1.1143
-0.073091
0.71124
-0.22746
0.43697
1.2761
-0.76455
-0.033055
1.8454
-0.9827
0.33128
-1.0849
1.4361
0.99033
0.10281
-0.18048
0.64756
-0.3976
-1.0535
2.3081
-0.55354
1.4191
0.69682
2.1805
0.017149
1.186
1.3429
2.5565
-1.481
0.81785
0.92672
-1.9351
0.66227
-1.5547
-2.8544
0.82747
1.1182
0.019933
1.028
-1.8034
-1.2928
0.95331
0.56127
0.90724
-1.819
2.5319
0.17227
-2.1652
0.66083
1.1515
-1.3083
0.95677
1.1012
-3.3924
0.17121
0.032324
-0.3032
2.1128
-0.25714
0.50388
0.16909
1.9503
-1.3422
1.4775
0.47249
-1.5712
-2.4156
0.93525
0.70055
0.48641
1.4927
-2.1342
1.0064
-0.54796
0.74153
-1.9363
0.50374
0.50409
0.29501
0.46334
0.22819
1.0349
0.42039
-0.62926
2.1098
0.91108
1.7128
1.2709
-0.3522
1.5413
1.1578
-1.5252
1.5231
-1.4962
1.9719
0.42039
-0.89175
1.643
-0.27014
0.73681
-0.45452
1.1299
-1.7032
1.1068
0.72677
-0.89452
0.59977
-0.172
-0.13526
-0.60911
-1.1795
0.95066
1.6061
-0.22602
-1.7398
1.1711
0.12537
-0.30494
0.34765
1.7028
0.16791
0.48867
1.9853
-0.40904
0.40077
1.6556
1.401
-0.68494
-0.61504
-0.11015
1.4874
-1.5384
1.3161
1.6496
1.3719
-1.2854
2.7792
-0.23184
0.098738
-1.8687
1.0209
-0.27151
1.9439
-0.45433
1.6132
1.3805
-0.44804
0.5291
0.94607
0.25981
0.35623
1.5388
-0.026389
-0.82397
2.4337
1.2828
-1.202
0.1608
0.76612
2.5344
1.4602
0.8774
-0.64767
2.6775
1.7475
-0.19629
-1.8982
0.3464
1.0525
-1.511
1.1874
-0.075868
0.089155
-0.12992
1.3213
0.12275
1.5142
1.0137
2.5799
-0.32307
-0.49276
1.5904
-0.48038
0.32791
-0.12698
0.37934
-1.6754
0.0106
1.2627
0.74132
2.3694
0.65693
0.58948
-1.7983
1.6686
0.86609
-0.44696
0.48835
-1.3484
0.86651
0.28825
-1.4208
1.1676
1.2205
0.13427
-0.54803
-0.76277
0.060426
0.69579
-0.68764
-0.37658
0.75582
0.90271
-1.165
-1.5788
1.5743
-0.96156
1.5426
0.37882
-1.2828
-0.70563
1.747
0.96374
-2.1
-0.55819
1.0722
-1.1905
-0.50928
-0.7937
1.6941
1.647
-0.63619
-0.99667
0.34759
0.1632
0.23851
-1.6723
2.0397
-0.94878
0.76443
0.70944
-1.3307
0.57514
-0.57356
0.27601
-0.34333
0.13212
-0.64573
1.8252
-1.078
1.4102
-1.9523
0.38403
1.2089
-0.93234
1.3347
0.46004
-0.63338
1.0667
-0.16503
1.1516
0.083132
1.6198
0.86681
0.132
-1.6425
2.9318
1.4441
-0.95351
0.25863
2.3276
-0.77286
-0.37003
0.19369
0.32852
1.0311
2.3225
-0.86131
1.5701
-2.1358
0.69333
0.51877
1.5471
-0.69294
-0.87218
0.61498
2.4158
0.77388
-0.16899
-1.0862
1.5108
-1.8848
2.2395
0.30618
-1.1291
-0.11024
-0.13952
1.164
-1.1194
0.64067
1.0088
0.95922
1.441
0.46404
0.097177
1.1113
0.97967
0.2735
0.368
-0.17299
1.2498
-1.7362
-0.65208
2.6294
1.205
1.1355
-0.22011
0.45185
1.2798
-1.5568
-0.11364
-0.84731
1.969
-1.4559
-0.1038
0.43626
2.3826
-0.70666
1.4285
0.59453
-1.2924
1.6863
0.7481
0.62286
-0.87326
1.9303
0.27443
0.48894
-0.87718
-0.92653
1.9271
0.51256
2.3291
1.199
1.0055
1.3052
-1.664
-0.46561
0.601
-0.76052
1.0009
-1.3957
-1.719
-0.47612
0.48068
-1.4195
0.85729
-0.0095989
0.73
-1.853
1.3855
1.612
-1.0432
0.06348
1.9
-1.1781
0.5602
-1.9153
-0.28898
0.76082
-0.0079979
0.62355
1.7805
2.5897
2.2599
0.99401
-1.3499
-0.32157
0.26205
0.5926
2.8807
0.81671
0.38692
2.1413
1.8393
-0.21803
1.2143
-1.1067
-0.304
1.2603
0.074641
-0.051766
1.1661
-0.35859
1.3584
-0.82559
-0.87718
0.65428
-1.2065
-0.62265
1.6854
-0.43797
-1.0428
1.2859
1.1102
1.4575
3.0757
1.3016
1.2914
-0.94466
2.7962
-0.42078
1.7426
-0.22695
0.75994
2.8509
0.54847
0.42893
1.4912
-0.14788
1.233
-1.1177
0.42265
0.3534
-0.89759
-0.094071
2.6188
-0.16592
-1.3924
1.7168
0.36306
0.1324
0.095169
-0.85246
-0.26319
0.94712
1.0071
1.5336
0.15979
-1.41
-0.26842
-2.3408
-1.0215
0.29786
0.24372
-0.79491
-1.9374
-0.071212
0.99657
1.6758
-1.3334
1.8627
1.5014
0.6005
-0.5145
2.3532
2.1616
1.399
-0.4793
0.1799
0.9039
-0.36955
0.98799
-1.8258
1.3751
1.3095
0.77088
0.89904
1.3966
0.38234
-0.5664
0.21493
0.5507
0.79606
0.86356
-0.17555
-2.7337
0.62374
2.487
-0.26963
0.92997
-0.79967
0.059521
0.22891
-1.3755
1.5548
-0.87006
3.3389
2.0185
1.212
-0.96723
-0.11594
-1.1186
-0.94135
1.8734
0.38075
-0.51324
0.10877
0.72945
1.6848
0.21344
1.5674
1.622
0.65801
1.1332
-0.16399
-0.27795
1.0964
0.77412
-0.038169
2.1558
0.53234
0.36473
1.4191
-1.8121
0.63334
0.45027
0.63353
-1.044
1.8726
1.7248
-0.96069
2.2597
1.5261
-1.0301
0.93387
1.264
1.2619
1.9495
2.0145
0.49653
-0.65743
1.0334
1.9421
0.74369
0.65207
1.2471
-1.0166
1.7035
0.52907
-2.3594
1.2701
1.6645
-0.46303
0.70467
-1.0003
0.18943
-0.41366
2.4809
0.96292
-1.5849
2.005
-1.9457
0.70034
-0.86629
0.053691
2.0197
-0.68413
-0.058119
-1.3556
0.42582
-1.034
0.47612
0.26913
-2.2029
0.85048
1.1787
-0.036474
0.83938
-1.44
0.42185
1.2558
0.58431
0.65437
0.13035
1.8096
-0.73156
-0.391
-1.9752
1.1384
2.1822
-0.258
-0.46096
1.513
0.99036
-0.0027998
1.4567
-0.019732
-1.6768
0.85988
-0.5859
0.43379
-1.0717
0.17507
-1.9113
1.4109
2.0265
-0.66134
-0.67141
0.044972
-1.5526
1.0808
-1.7738
1.6587
-1.8575
0.81951
1.5636
-1.2386
0.30296
-1.2632
0.70738
1.8338
1.1037
-1.7619
0.32802
-1.2677
-1.5697
0.96798
1.0902
2.5225
0.51378
-0.88828
1.0501
-0.74917
-0.11592
2.7574
1.612
-0.24386
-0.89988
-0.68619
1.2078
0.65805
1.1112
1.7897
-0.042749
0.81835
-1.5232
0.7338
-0.55481
0.66006
-2.4753
0.82871
-0.0094193
1.7504
0.50356
-0.53576
0.36459
-0.49938
0.83991
2.0314
1.0344
-0.75381
0.90937
0.84647
1.1177
-1.3349
0.35504
-0.73916
-0.38789
0.08927
0.61632
0.15615
1.1313
0.37377
0.93887
-0.31434
1.1658
1.3565
-0.76323
0.416
0.23843
0.90837
0.77582
2.572
-0.80512
1.2644
-0.58013
1.3461
-1.6231
-0.27358
2.0538
-1.6422
1.4491
-1.3084
-1.2473
0.21001
-0.99394
0.078308
0.68778
-2.4818
0.42507
0.84853
1.3075
-1.0666
-0.57658
1.6274
0.53907
1.2796
-2.2577
1.4519
-1.6672
0.82747
-0.14568
1.9401
1.0175
-0.64116
-1.0296
0.523
-0.68249
1.584
0.89476
0.14947
-0.85141
0.26702
-0.76028
-1.8483
2.0137
-0.57501
-1.9571
0.90076
1.4936
1.8026
1.3456
0.58767
-1.2404
-0.72437
0.8944
-0.13265
0.43731
0.71264
1.6897
0.23892
-0.95246
0.69658
1.022
-0.45932
0.22159
0.039302
-1.9538
0.65175
2.2521
-1.5991
0.66836
-1.2767
0.89253
-1.5219
-1.612
0.35474
-0.052346
0.69338
2.2217
1.2475
1.536
-0.0093632
-1.3919
0.48844
0.09071
0.93176
0.25109
-0.8566
1.7945
1.633
1.8551
1.4087
-1.1576
0.43848
2.7891
1.2175
-0.35485
0.96104
-0.93432
0.59096
1.3734
-1.0929
-0.77328
-0.42776
0.65744
1.0858
-0.10164
1.4135
2.0135
1.3354
1.9305
-0.29479
1.5877
-0.64328
1.0389
0.87234
1.5933
0.59845
0.11742
1.0547
-0.16362
0.52756
0.95817
1.1664
-0.14423
0.26393
0.87485
-1.817
0.70663
-2.094
0.4672
-0.6084
1.2726
1.6805
-0.79136
1.2023
1.0791
1.8286
1.3769
1.9775
-0.064805
0.042878
-0.69077
0.58082
-0.36165
-1.7698
0.099171
-1.2208
-0.90173
0.322
-0.59333
-1.6955
-0.41901
1.622
0.91841
-0.13016
0.31908
1.9669
0.088115
0.35546
-0.71349
1.7413
1.5474
-0.3072
1.0562
-1.9934
2.141
1.6558
1.6118
1.6946
1.8218
-0.66266
1.4266
0.12289
2.2862
0.60396
1.9381
-2.4852
-0.12447
-1.4374
-1.0454
-0.35762
0.41132
-0.59633
0.54214
0.70655
0.10444
-0.46034
-0.79051
2.5363
1.3387
0.36539
2.3499
-1.3601
2.117
-1.5264
0.18679
-1.5835
1.8971
-0.94325
-1.3937
0.72866
-0.48563
1.5885
1.2307
0.75721
0.22042
-2.5992
0.052624
1.5406
-1.6137
2.6386
-1.5366
0.64789
-3.1041
2.3772
-2.5607
1.7444
-1.9892
-0.50635
-1.3153
1.4944
-0.2267
-0.37733
-2.4161
1.2175
-0.33986
0.53934
1.2578
-1.4909
0.38126
-2.9596
1.6391
-1.0613
-0.16116
0.76454
0.42331
0.19804
2.3877
2.416
-0.8427
-0.35673
-0.97945
1.8002
1.2893
2.5559
0.53826
0.76298
-1.4678
0.33626
2.9929
0.18115
-0.81108
1.9759
1.106
0.27117
0.51037
-1.9495
1.1602
0.13254
0.30641
-1.0401
1.5441
-2.1869
1.5841
-0.085913
1.8027
0.33932
3.7832
-1.6172
2.3999
1.9759
1.7188
1.2159
1.4857
1.1365
2.5306
-2.5304
-3.0065
2.227
-0.045069
-0.10547
2.5218
0.50062
0.83398
-1.5612
-1.5892
0.89143
2.8722
0.36663
1.3776
1.1345
-0.81498
0.20415
1.5105
2.7151
2.4662
-1.4694
0.55867
-0.21592
-1.6965
-0.087907
0.26794
1.4462
2.0556
1.2482
0.90803
-2.0662
0.23162
0.71015
0.12498
0.18213
-1.1713
1.4165
0.85304
-1.7347
1.3542
2.2914
2.8023
-0.12556
1.0937
-0.81928
-0.17026
-3.5168
-0.072016
-2.2239
1.208
1.8749
-0.49375
1.2131
-0.34119
2.0323
-1.6975
0.9891
0.60195
-3.141
-0.29698
1.9448
-0.10492
-1.0928
1.8469
-0.33832
0.49417
-0.25069
-0.35283
-0.25741
0.63064
2.7848
-0.002701
0.67178
1.3275
1.2745
1.5757
-0.89139
1.6438
0.72382
1.2759
-1.5732
-1.4035
0.52329
-0.7982
1.3234
-0.50577
0.70152
-1.2287
2.0396
0.30303
0.55581
0.60315
0.17423
0.86813
0.1522
-2.1206
-0.43106
1.7227
-1.8095
0.91303
-1.2743
1.1251
-1.1494
1.2605
0.27697
-0.53277
1.2458
-0.61734
-0.67985
0.14317
1.0152
0.90367
-0.46246
1.3074
0.69212
-0.76908
-0.40781
1.1091
-2.1648
0.83699
-0.16262
-1.1893
1.3546
-0.10499
1.0101
-0.4877
-0.037874
-0.0046423
1.8157
1.6815
-1.5011
1.628
1.434
-1.9081
0.33203
0.57598
-0.93375
1.9398
-1.5735
1.4537
-0.19838
-0.066583
-0.64334
-0.99462
2.1916
1.8708
-1.8951
0.55258
-1.537
1.4352
-0.49325
0.85979
-0.83945
-1.1495
0.79951
0.19987
1.3737
1.7177
-0.82313
0.51882
1.37
-2.0723
1.8481
0.43516
2.4381
-0.82769
0.29549
1.0936
-0.71659
-0.50283
2.1502
-2.7661
-0.22431
-0.99927
-2.3863
0.8243
-0.21552
0.32867
2.5554
-0.82928
-0.13117
1.3607
-0.85188
2.1399
1.0839
-0.15538
2.7241
2.1612
0.70135
-1.3549
0.43075
-1.3227
1.8167
0.57223
0.72457
0.017281
-0.2253
1.3577
-1.4914
0.85341
-0.18047
-0.17188
1.6898
1.0944
0.78688
0.51493
-1.4201
-1.0004
0.35568
2.0146
-1.0641
0.91847
-1.7172
0.73845
-0.31687
0.22235
1.3776
2.654
-1.1409
0.94854
-0.03437
1.3523
-0.02153
1.4347
-0.8162
-0.38683
1.1605
0.60767
2.1402
-0.035758
-0.8344
1.1489
-0.76795
-0.42821
0.56667
0.89718
1.6119
0.81844
0.13183
0.30356
-1.9769
-3.0896
1.579
-0.61706
1.654
-1.0417
1.9443
-1.6255
0.96914
-1.4357
0.7098
0.81838
-0.94562
-0.40712
-0.010821
-2.3575
1.0512
1.9151
-1.3464
-0.27578
0.81926
1.6006
1.0122
1.2032
-0.31446
0.8992
1.5902
-1.6329
0.2984
-1.6127
0.96522
1.6607
0.12746
0.56492
0.87442
-0.35593
1.2436
0.76583
0.54139
2.3754
-1.7291
1.8253
-0.7185
0.55506
1.666
1.7882
-0.76198
1.7416
-0.81867
0.25189
-1.1768
-0.64295
1.1372
0.36682
-0.98613
2.5715
0.90658
-1.5491
-1.1487
0.93902
-2.2809
-0.13326
0.15495
1.0128
-0.14707
0.39451
1.1978
0.37615
0.29353
-2.5594
0.63353
1.9916
0.46208
1.2715
-1.0397
1.1217
-0.67552
-1.5307
0.18143
0.70172
0.75787
2.0452
-0.94924
-0.2997
0.90081
-1.442
2.9726
2.0557
-0.42017
1.8252
-1.3533
1.2832
1.0503
-0.60234
1.7192
-0.81912
0.96548
0.5017
1.8802
-1.9425
0.95017
0.90683
-0.26393
-0.80954
0.66361
0.71366
-1.4851
0.93808
1.3044
1.1276
0.0081334
1.5182
0.054503
-0.27125
1.3776
0.18499
0.27755
-1.165
2.3967
-0.54242
1.2499
-1.5684
1.2106
-0.76693
1.6661
1.2878
1.0183
-1.6018
1.0217
-0.74552
1.99
-0.5595
1.5177
-0.57257
1.8115
0.66073
0.82414
2.0232
0.75604
-0.71135
-0.41374
2.7765
-2.4196
-0.051365
-0.27934
-1.1878
0.88105
-1.7411
1.2092
2.3127
-1.2269
-1.0055
1.3457
2.8962
0.46119
1.666
-1.5607
-1.0321
2.892
0.88656
1.6601
1.5482
-0.64921
0.35316
1.984
-0.011029
-0.56802
0.66204
-1.4767
0.64806
0.22223
-0.90885
-2.9954
-1.2181
1.5188
1.6287
0.40841
1.5337
0.35204
-0.68802
1.8751
2.1481
-0.33864
0.67447
1.4322
-1.617
1.6746
0.022062
0.18387
0.16697
-1.1731
-0.69886
1.9249
0.022985
-0.14153
1.1104
0.94121
-1.0538
-0.040097
1.288
-0.89254
2.5967
0.27787
-0.61603
1.6706
0.41416
0.39723
-0.67946
0.47009
0.33217
1.6573
-0.10531
-1.4629
0.16332
2.4025
0.4603
1.0682
-0.44678
1.3021
-0.10571
-0.67704
1.7379
-0.69079
-2.2431
0.26582
0.76625
1.3414
-0.10733
-0.7092
0.25615
-0.15255
-0.62764
1.9394
1.9179
1.3712
1.5917
-0.71431
1.6652
-1.027
0.68392
-1.2385
1.5714
-1.382
2.3431
-2.6834
-1.5606
-0.69281
-1.402
1.4023
0.27916
-0.60363
-1.947
0.76096
1.6164
2.1669
1.6577
-1.9988
1.6896
2.4539
1.0272
0.2265
-0.58998
1.6159
2.1959
-0.55452
-1.2696
2.7722
0.74384
2.2409
-0.86098
0.44617
-0.31102
1.9048
-1.3262
2.206
-0.68464
-1.1725
-2.038
0.94881
-0.36291
-2.4614
1.1127
-1.2455
-0.065519
-2.5915
-1.7143
1.8172
1.2026
-1.7877
-1.203
0.65893
2.0321
0.81169
1.4664
-0.27277
-0.073527
-1.1847
1.8023
0.91334
1.0794
-1.2611
1.0502
-1.3439
0.25533
0.4998
-0.45273
-0.082814
-0.043087
-1.6247
1.4221
-0.31176
0.37554
2.2641
-0.99831
0.95184
-2.0427
0.17149
0.93522
0.28906
1.217
2.1733
2.735
-0.35916
2.1566
-1.2935
0.99957
-0.064244
1.5173
-1.8967
-0.62823
0.54711
-1.8927
1.0006
-0.36183
-0.92671
-1.4833
1.3205
0.93435
1.7251
0.8544
-1.1459
2.2113
1.6674
1.6855
-0.53664
-0.68081
0.95096
-2.2103
0.024667
0.32576
0.7984
0.12421
0.63528
0.89204
0.22711
-2.1674
2.3084
1.1897
1.9415
0.57913
0.5015
1.0266
1.5923
-2.1934
0.10267
2.2823
1.2449
2.4424
-1.523
-1.0018
0.85615
-0.11176
0.78671
2.1401
0.79408
1.1945
-1.4977
-1.6494
1.5555
-0.94869
1.3372
1.3415
0.22177
-0.99135
1.4694
1.553
2.2162
2.6119
-0.57578
1.9832
-0.47991
1.0809
0.29649
1.7317
-1.4914
-2.0442
1.114
-1.5388
0.6346
0.066963
0.39975
-1.6448
1.3736
1.2596
0.36482
0.48621
1.0999
1.2891
-2.5545
0.18308
-1.845
1.6997
1.2188
0.99626
0.82913
-0.79042
0.36918
-0.95165
-0.019105
0.62991
0.50204
-1.4803
0.57975
1.7674
1.1766
2.4337
-1.2428
0.69077
-0.15006
0.85515
-0.93354
0.70189
-1.4702
0.93931
-0.96369
0.25541
-1.5872
-0.32957
1.66
0.052887
2.4424
-0.55113
2.378
0.44388
0.0047638
1.1257
2.8899
-0.74194
-1.1651
-1.3671
1.503
-2.4498
0.24583
3.471
1.5
1.3272
1.0795
2.6574
-1.9641
0.77512
1.4991
-1.979
0.56933
-1.1444
0.73161
-0.0060844
-0.24607
2.8704
1.2027
-0.65739
0.76393
-1.8713
-0.4158
-0.8301
1.5115
-1.129
2.8291
-1.7434
1.254
0.37161
-2.0523
-2.1246
0.533
-1.1485
2.4718
0.54552
1.6799
1.6179
0.47188
-0.38397
0.76718
1.4493
1.7559
0.95412
-0.76222
0.49079
0.92743
0.74465
1.2312
1.4533
1.1939
1.6556
1.2841
-0.31641
1.0787
0.43251
0.97945
-0.021823
-2.178
1.5515
0.89637
-1.0876
0.22813
0.18249
2.465
1.856
0.99447
-1.6561
1.8517
-2.0032
-0.692
0.94845
3.072
1.6679
-0.3792
-1.6235
1.5461
0.14123
-1.0276
0.41401
0.64396
2.2979
-0.61711
1.7737
-0.40258
1.1799
0.24828
0.73919
1.395
0.42978
1.809
0.017697
-0.022197
0.11019
1.1235
1.7033
-1.9797
2.4613
1.2165
0.068788
1.3477
-0.60889
0.77195
1.6479
-1.2074
-2.0745
0.95664
-0.64378
0.44271
1.2595
0.41937
-0.37855
1.0991
-1.768
0.83542
-1.375
1.8546
0.25354
-2.6614
1.1691
-2.4223
-0.87799
-0.72051
0.93431
1.7328
-2.3831
1.4619
2.0322
-0.6141
-0.81712
2.402
1.4616
-0.35897
-0.12404
1.4549
-0.44103
0.66012
1.8076
0.56603
-1.675
1.0195
0.89689
-0.44672
-2.1479
-0.58375
2.4305
-0.3304
-0.041593
-0.62326
2.2516
0.053867
0.32162
1.2512
0.20807
1.1718
-1.7913
0.22062
-1.5705
1.6249
-1.5831
1.2948
0.037118
1.239
-0.080688
0.51386
-2.0077
1.6931
1.1716
-1.7137
0.91147
1.4411
-0.14535
-0.84368
0.55224
0.08501
2.7188
1.506
-0.22526
2.1487
-0.30261
0.84581
0.96978
-2.2115
-0.42047
1.5436
-1.0217
2.1951
0.14593
1.4652
-2.0394
3.0546
0.43279
-0.46645
1.4083
-0.41573
2.4501
-1.7151
1.8561
-2.0934
0.9966
-3.3508
-1.5597
0.3279
1.3685
-0.46611
-0.95221
0.58654
0.51691
1.0801
-0.13236
1.2837
0.33883
-2.1538
-1.4247
-0.0092288
2.1107
1.1438
-0.3398
-0.31123
2.3304
-1.5219
-0.41642
0.68655
2.1541
1.462
-1.4025
1.8744
0.48745
2.3169
-0.67317
0.6828
-0.91379
0.96269
0.43403
1.0654
0.40286
1.1224
1.6018
0.94077
0.27411
0.97565
-0.76649
-0.18915
1.0316
-0.36547
-0.1044
2.3599
0.25817
-2.0113
-0.47699
0.12137
-0.83202
-0.32217
0.39259
-1.8683
-1.6014
-0.84787
-1.4228
1.5596
0.18198
-0.11688
0.12623
0.51041
-0.42244
0.80288
0.53145
1.446
0.12215
1.201
0.08814
0.84506
-1.1392
1.5345
-1.3478
0.64855
1.1688
0.7867
-0.44365
1.0132
2.2494
-1.0839
1.5788
-1.5019
0.95158
2.0653
0.039767
1.5066
-2.3461
1.4627
1.1102
0.13634
-1.5925
1.328
-0.42562
0.6706
0.38772
0.35263
2.2969
1.2269
1.1925
-1.4111
-2.113
1.3762
1.171
0.8945
0.79909
-1.543
-1.3049
0.33083
-0.52259
1.9127
0.58397
1.6602
0.60764
-1.7094
-1.6678
0.50468
-0.51989
0.049888
0.69515
-0.59448
-0.95867
0.82152
0.13947
-0.96254
-1.0378
-2.955
0.44002
0.99703
1.221
-2.4723
-1.6508
3.5374
-0.55604
1.4292
1.4189
-1.4311
-0.75468
1.3954
-0.35341
-0.11773
-1.4355
1.7225
0.52734
1.8614
0.04208
2.6216
2.0608
-1.462
-0.47739
0.60871
-0.25359
1.7374
-0.426
0.31124
0.60436
0.13571
-0.2093
-0.12707
-2.3204
1.8684
0.52996
-0.2021
1.5581
0.32038
-0.62073
0.83349
0.56269
1.8981
0.98282
0.61327
-0.20366
1.5691
-1.9671
1.6502
0.84616
-0.39436
-3.0931
0.19458
0.83126
-0.56007
2.8072
-1.4089
0.85784
-1.9089
0.71545
-0.24103
-1.0177
-0.22478
1.519
-1.3775
-0.65062
1.5726
0.060685
2.3109
1.7541
2.6407
-0.79615
0.35783
1.2524
-1.0782
0.18102
1.6403
-1.5115
1.9851
0.40328
-1.8242
2.0061
-0.74586
-0.18824
-1.4453
1.1691
-0.13064
-1.386
2.1744
-0.97998
1.393
0.22241
1.203
0.67301
1.4268
-1.5286
1.5741
1.4596
0.97845
2.127
-1.9233
0.7412
-0.93527
0.959
1.8062
1.0589
-0.45627
0.69856
0.31529
0.88973
0.28742
0.30448
-1.0754
0.0094007
1.1989
-0.25349
-0.56331
-0.15376
0.078323
0.42004
1.7728
1.8281
1.4739
0.97592
1.0574
-0.95236
-0.60303
0.3146
-0.61297
0.27322
0.0018904
-0.90328
0.99328
-0.58251
1.9916
-0.26954
-2.8121
2.3985
-1.7173
1.0511
0.82157
1.5851
-1.36
-0.76623
-0.0713
1.1587
2.1629
1.6458
0.91725
-0.21358
-0.49638
-1.6185
1.3424
0.50728
0.87718
1.5173
-0.65514
0.968
-2.1293
-1.3063
2.069
-0.39506
-0.91953
-2.0405
1.6733
0.88423
0.41905
-1.7092
2.299
-0.34252
1.2928
0.4159
-1.163
-1.8848
-0.23295
1.2895
0.010488
0.10054
-0.93761
1.4589
-0.55566
1.6471
-0.93491
1.88
-0.65676
0.74644
1.5199
-0.34067
1.1006
-1.7105
2.6103
-1.1467
2.1954
1.9568
0.31344
1.1733
-0.21842
1.6671
2.2582
-1.7743
0.7787
-1.4736
3.253
-1.3634
2.3261
1.6636
-1.3245
1.9557
-0.97688
-2.5926
0.82857
2.0662
-1.4931
1.2574
-0.79882
-0.73395
0.79778
0.87069
1.1814
-1.1463
1.0075
1.5779
-2.3994
0.23335
1.2359
1.0657
0.5919
1.4803
1.5025
0.11943
-0.46575
1.8873
0.4078
1.9293
-1.9843
1.5607
-0.16603
0.27694
-0.28252
0.2071
1.4322
0.12047
1.2915
-0.20191
-1.982
0.87253
0.033268
0.46995
1.6153
-1.9527
-0.039848
1.3346
0.22255
1.2705
0.15386
-0.44539
0.78708
1.6148
-0.32902
-0.33266
2.546
0.48616
-1.609
2.7311
2.0952
1.4097
0.74313
-3.6265
-0.55941
2.3618
0.72878
1.3924
-1.1511
1.844
0.14119
-0.61329
0.092667
1.0035
1.9308
-2.7154
0.036873
0.65139
1.9975
0.04407
1.929
1.495
-0.51874
2.1705
1.061
-1.6753
-0.84313
0.52968
1.1504
0.87783
-0.74837
-0.69993
0.77097
1.6981
0.67911
1.4905
0.30508
-1.216
-0.23946
0.54355
0.93067
-0.62794
2.1339
0.021215
-1.1871
-1.9635
1.7197
-0.39447
-0.41074
1.7537
-3.0357
1.3865
-0.83387
-0.56663
1.7616
1.8485
0.63732
1.1076
0.031097
-0.79181
1.4543
0.82302
-1.4536
-0.32928
-0.70992
0.10142
0.61134
-0.046493
0.75468
-1.1512
1.0019
-0.83796
1.0091
0.64047
-0.37639
-0.50322
0.76161
1.1218
0.88122
-1.891
1.3442
1.458
-0.54093
0.85608
-0.13951
-0.013751
0.58395
-0.05713
0.15247
0.72788
0.13836
0.66751
1.8347
-0.12674
0.82681
-1.0368
1.293
2.2747
0.70537
-0.35408
-0.033122
0.0040305
2.5992
-0.010025
0.88229
1.1662
0.75966
0.26525
-0.64315
0.94278
0.0366
0.60426
1.3601
0.6857
1.6534
1.1888
-0.82001
-1.2329
1.6394
-0.36645
0.93399
-1.7616
1.748
-0.43856
1.7134
2.0969
-0.77428
0.012127
1.1946
0.52096
1.298
0.72143
-1.0621
-2.0875
1.2819
1.7501
2.2279
0.7405
-0.18817
1.0939
-0.13828
2.1608
-0.5471
1.7918
-0.8293
-0.12256
1.162
1.0113
-0.47729
0.26325
1.6336
2.2572
-1.7832
-0.088143
0.1147
1.7969
-0.12364
-2.1201
1.3199
-0.93642
0.48828
0.50072
-2.0464
2.3732
0.97881
1.3725
0.90873
-0.85322
-0.90947
-2.791
0.59405
0.64095
0.44186
0.93034
-0.5773
0.39024
-1.4123
1.4025
1.2021
1.9083
0.86897
-2.2361
0.45716
-1.9192
1.4346
1.3295
0.97762
0.48729
-0.61244
0.064543
-1.5272
1.5587
2.506
-1.2859
1.0623
0.036086
-1.1601
-0.70103
0.23704
-0.59323
1.5989
0.013928
-1.3213
0.8168
0.72194
0.23449
0.71904
1.5276
0.10899
-0.44365
1.3668
-0.52775
1.6872
-0.25237
1.956
1.8871
-0.058133
-1.0591
1.0655
-1.3522
0.64961
1.2218
-0.17967
-1.8962
1.5855
-0.33308
1.0492
-0.035505
0.98537
1.2342
0.2379
0.082215
-0.08524
1.5846
-0.41736
2.5789
1.5298
-1.5363
0.083466
-0.30905
-1.4528
-0.54948
-0.57402
0.76981
-0.99877
0.70103
0.81199
0.33208
0.30452
-0.30335
2.3644
-2.1733
1.5711
-1.4471
1.5105
-1.8484
1.409
-0.066096
1.6575
-0.85489
1.1706
0.78581
-0.17723
2.1194
-0.78866
-1.4301
1.2091
2.0696
0.82989
-1.9087
1.1686
1.8435
-0.94788
1.4629
0.59465
0.53596
-2.2505
0.28473
-0.30395
1.2
-1.7152
-0.19858
3.0177
0.39574
-0.18773
-1.3114
1.5725
-0.41423
0.73482
1.9281
-1.2185
0.88774
-2.076
2.9023
0.44091
0.48163
0.45705
0.0042686
0.8253
0.95903
-0.35562
0.15957
1.1988
1.5269
1.9069
0.43616
2.7485
0.22928
1.0054
-2.1635
1.3211
0.68529
1.6386
0.93248
-1.0789
-2.5773
0.049024
-0.58433
-1.3049
1.4765
-2.3063
-1.5706
1.5168
2.252
-0.53766
-0.59077
2.6945
1.7794
-1.744
1.9833
0.83805
0.0097593
2.3246
0.84249
-1.4057
-0.18202
0.5316
1.083
-2.2936
-0.088173
0.45655
0.73745
0.57226
0.69216
-0.56752
0.53514
-1.3064
0.99536
-1.1899
2.339
-0.70709
1.76
-1.3857
2.4651
0.36171
-2.3885
1.1471
-0.7584
1.2385
-0.5478
0.37378
0.27044
-1.6928
0.84964
2.1045
1.4934
-1.4998
-0.75676
0.38952
0.18889
0.64159
-1.1788
1.5414
0.99673
-0.9375
-0.93962
0.179
1.3923
1.1428
0.20335
-1.9459
-0.089925
3.9046
-0.92171
1.582
1.0006
-1.1892
2.0608
-0.74512
0.21662
1.3368
0.42963
3.2135
0.32321
1.5449
0.75729
-2.1447
1.0329
-0.0064851
-2.5507
0.23462
-0.38719
1.2781
0.71162
-0.82071
0.76452
0.6901
-2.3303
-0.54093
1.3347
-0.71485
0.73566
2.8777
2.3787
-0.42109
2.1608
-1.6756
-0.39927
0.67563
0.73902
-1.3201
1.7641
0.9028
1.6348
0.82351
