1	2	0
2	3	0
3	4	0
4	5	0
5	6	0
6	7	0
7	8	0
8	9	0
9	10	0
10	11	0
11	12	0
12	13	0
13	14	0
14	15	0
15	16	0
16	17	0
17	18	0
18	19	0
19	20	0
20	21	0
21	22	0
22	23	0
23	24	0
24	25	0
25	26	0
26	27	0
27	28	0
28	29	0
29	30	0
30	31	0
31	32	0
32	33	0
33	34	0
34	35	0
35	36	0
36	37	0
37	38	0
38	39	0
39	40	0
40	41	0
1	41	0
42	43	0
43	44	0
44	45	0
45	46	0
46	47	0
47	48	0
48	49	0
49	50	0
50	51	0
51	52	0
52	53	0
53	54	0
54	55	0
55	56	0
56	57	0
57	58	0
58	59	0
59	60	0
60	61	0
61	62	0
62	63	0
63	64	0
64	65	0
65	66	0
66	67	0
67	68	0
68	69	0
69	70	0
70	71	0
71	72	0
72	73	0
73	74	0
74	75	0
75	76	0
76	77	0
77	78	0
78	79	0
79	80	0
80	81	0
81	82	0
82	83	0
83	84	0
84	85	0
85	86	0
86	87	0
87	88	0
88	89	0
42	89	0
90	91	0
91	92	0
92	93	0
93	94	0
94	95	0
95	96	0
96	97	0
97	98	0
98	99	0
99	100	0
100	101	0
101	102	0
102	103	0
103	104	0
104	105	0
105	106	0
106	107	0
90	107	0
108	109	0
109	110	0
110	111	0
111	112	0
112	113	0
113	114	0
114	115	0
115	116	0
116	117	0
117	118	0
118	119	0
119	120	0
120	121	0
121	122	0
122	123	0
123	124	0
124	125	0
125	126	0
126	127	0
127	128	0
108	128	0
129	130	0
130	131	0
131	132	0
132	133	0
133	134	0
134	135	0
135	136	0
136	137	0
137	138	0
138	139	0
139	140	0
140	141	0
141	142	0
142	143	0
143	144	0
144	145	0
145	146	0
146	147	0
147	148	0
148	149	0
149	150	0
150	151	0
151	152	0
152	153	0
153	154	0
154	155	0
155	156	0
156	157	0
157	158	0
158	159	0
129	159	0
160	161	0
161	162	0
162	163	0
163	164	0
164	165	0
165	166	0
166	167	0
167	168	0
168	169	0
169	170	0
170	171	0
171	172	0
172	173	0
173	174	0
174	175	0
175	176	0
176	177	0
177	178	0
178	179	0
179	180	0
180	181	0
181	182	0
182	183	0
183	184	0
184	185	0
160	185	0
186	187	0
187	188	0
188	189	0
189	190	0
190	191	0
191	192	0
192	193	0
193	194	0
194	195	0
195	196	0
196	197	0
186	197	0
198	199	0
199	200	0
200	201	0
201	202	0
202	203	0
203	204	0
204	205	0
205	206	0
206	207	0
207	208	0
208	209	0
209	210	0
210	211	0
211	212	0
212	213	0
213	214	0
214	215	0
215	216	0
216	217	0
217	218	0
218	219	0
219	220	0
220	221	0
221	222	0
222	223	0
223	224	0
224	225	0
225	226	0
226	227	0
227	228	0
228	229	0
229	230	0
230	231	0
198	231	0
232	233	0
233	234	0
234	235	0
235	236	0
236	237	0
237	238	0
238	239	0
239	240	0
240	241	0
241	242	0
242	243	0
243	244	0
244	245	0
245	246	0
246	247	0
247	248	0
248	249	0
249	250	0
250	251	0
251	252	0
252	253	0
253	254	0
254	255	0
255	256	0
256	257	0
257	258	0
258	259	0
259	260	0
260	261	0
261	262	0
262	263	0
263	264	0
264	265	0
265	266	0
266	267	0
267	268	0
268	269	0
269	270	0
270	271	0
271	272	0
272	273	0
273	274	0
274	275	0
275	276	0
276	277	0
232	277	0
278	279	0
279	280	0
280	281	0
281	282	0
282	283	0
283	284	0
284	285	0
285	286	0
286	287	0
287	288	0
288	289	0
289	290	0
290	291	0
291	292	0
292	293	0
293	294	0
294	295	0
295	296	0
296	297	0
297	298	0
298	299	0
299	300	0
300	301	0
278	301	0
302	303	0
303	304	0
304	305	0
305	306	0
306	307	0
307	308	0
308	309	0
309	310	0
310	311	0
311	312	0
312	313	0
313	314	0
302	314	0
315	316	0
316	317	0
317	318	0
318	319	0
319	320	0
320	321	0
321	322	0
322	323	0
323	324	0
324	325	0
325	326	0
326	327	0
327	328	0
328	329	0
329	330	0
330	331	0
331	332	0
332	333	0
333	334	0
334	335	0
335	336	0
336	337	0
337	338	0
338	339	0
339	340	0
340	341	0
341	342	0
342	343	0
343	344	0
344	345	0
345	346	0
346	347	0
347	348	0
348	349	0
349	350	0
350	351	0
351	352	0
352	353	0
353	354	0
354	355	0
355	356	0
356	357	0
357	358	0
358	359	0
359	360	0
360	361	0
315	361	0
362	363	0
363	364	0
364	365	0
365	366	0
366	367	0
367	368	0
368	369	0
369	370	0
370	371	0
371	372	0
372	373	0
373	374	0
374	375	0
375	376	0
376	377	0
377	378	0
378	379	0
379	380	0
380	381	0
381	382	0
382	383	0
383	384	0
384	385	0
385	386	0
386	387	0
387	388	0
388	389	0
389	390	0
390	391	0
391	392	0
392	393	0
393	394	0
394	395	0
395	396	0
396	397	0
397	398	0
398	399	0
399	400	0
400	401	0
401	402	0
402	403	0
403	404	0
404	405	0
405	406	0
406	407	0
407	408	0
408	409	0
362	409	0
410	411	0
411	412	0
412	413	0
413	414	0
414	415	0
410	415	0
416	417	0
417	418	0
418	419	0
419	420	0
420	421	0
421	422	0
422	423	0
423	424	0
424	425	0
425	426	0
426	427	0
427	428	0
428	429	0
429	430	0
430	431	0
431	432	0
432	433	0
433	434	0
434	435	0
435	436	0
436	437	0
437	438	0
438	439	0
439	440	0
440	441	0
441	442	0
442	443	0
443	444	0
444	445	0
416	445	0
446	447	0
447	448	0
448	449	0
449	450	0
450	451	0
451	452	0
452	453	0
453	454	0
454	455	0
455	456	0
456	457	0
457	458	0
458	459	0
459	460	0
460	461	0
461	462	0
462	463	0
463	464	0
464	465	0
465	466	0
466	467	0
467	468	0
468	469	0
469	470	0
470	471	0
471	472	0
472	473	0
473	474	0
474	475	0
475	476	0
476	477	0
477	478	0
478	479	0
479	480	0
480	481	0
481	482	0
482	483	0
446	483	0
484	485	0
485	486	0
486	487	0
487	488	0
488	489	0
489	490	0
490	491	0
491	492	0
492	493	0
493	494	0
494	495	0
495	496	0
496	497	0
497	498	0
498	499	0
499	500	0
500	501	0
501	502	0
502	503	0
503	504	0
504	505	0
505	506	0
506	507	0
507	508	0
508	509	0
509	510	0
510	511	0
511	512	0
512	513	0
513	514	0
514	515	0
515	516	0
516	517	0
517	518	0
518	519	0
519	520	0
520	521	0
521	522	0
522	523	0
523	524	0
524	525	0
525	526	0
526	527	0
527	528	0
528	529	0
529	530	0
530	531	0
484	531	0
532	533	0
533	534	0
534	535	0
535	536	0
536	537	0
537	538	0
538	539	0
539	540	0
540	541	0
541	542	0
542	543	0
543	544	0
544	545	0
545	546	0
532	546	0
547	548	0
548	549	0
549	550	0
550	551	0
551	552	0
552	553	0
553	554	0
554	555	0
555	556	0
556	557	0
557	558	0
558	559	0
559	560	0
560	561	0
561	562	0
562	563	0
563	564	0
564	565	0
565	566	0
566	567	0
567	568	0
568	569	0
569	570	0
570	571	0
571	572	0
572	573	0
573	574	0
547	574	0
575	576	0
576	577	0
577	578	0
578	579	0
579	580	0
580	581	0
581	582	0
582	583	0
583	584	0
584	585	0
585	586	0
586	587	0
587	588	0
588	589	0
589	590	0
590	591	0
591	592	0
592	593	0
593	594	0
594	595	0
595	596	0
596	597	0
597	598	0
598	599	0
599	600	0
600	601	0
601	602	0
602	603	0
603	604	0
575	604	0
605	606	0
606	607	0
607	608	0
608	609	0
609	610	0
610	611	0
611	612	0
612	613	0
613	614	0
614	615	0
615	616	0
616	617	0
617	618	0
618	619	0
619	620	0
620	621	0
621	622	0
622	623	0
623	624	0
624	625	0
625	626	0
626	627	0
627	628	0
628	629	0
629	630	0
630	631	0
631	632	0
632	633	0
633	634	0
634	635	0
635	636	0
636	637	0
637	638	0
638	639	0
639	640	0
605	640	0
641	642	0
642	643	0
641	643	0
644	645	0
645	646	0
646	647	0
647	648	0
648	649	0
649	650	0
650	651	0
651	652	0
652	653	0
653	654	0
654	655	0
655	656	0
656	657	0
657	658	0
658	659	0
659	660	0
644	660	0
661	662	0
662	663	0
661	663	0
664	665	0
665	666	0
664	666	0
667	668	0
668	669	0
667	669	0
670	671	0
671	672	0
670	672	0
201	508	657
268	561	661
83	84	160
55	478	619
322	424	431
154	530	578
51	99	501
203	357	632
100	195	593
50	213	626
433	473	574
219	571	672
124	225	492
516	606	655
346	580	653
12	282	360
36	157	548
88	214	374
412	419	511
382	417	663
477	493	654
138	293	339
278	365	559
72	114	140
94	363	445
80	364	557
198	368	599
319	437	570
183	220	507
43	440	444
76	533	609
73	233	246
155	304	588
21	298	476
7	367	540
145	392	646
64	112	291
32	75	534
217	438	565
206	323	426
215	404	623
237	318	648
103	283	334
20	118	539
189	255	644
3	102	475
169	256	281
331	572	601
41	199	354
91	429	576
106	329	395
40	499	610
82	150	347
156	344	524
96	131	551
430	457	630
14	210	236
241	271	535
239	407	479
143	187	280
22	384	480
38	315	669
5	68	377
111	243	297
168	341	484
227	348	550
48	275	611
230	414	615
235	296	336
439	451	460
92	464	489
34	351	627
148	490	581
9	144	228
425	470	666
483	519	529
65	358	621
142	456	471
158	427	590
4	147	188
13	37	70
2	212	500
343	442	585
372	547	664
166	265	544
110	496	558
133	277	579
488	502	631
260	413	521
62	387	415
307	587	612
314	370	469
146	216	267
401	462	575
136	167	361
19	316	594
8	349	568
15	300	520
170	317	532
211	555	620
66	234	538
466	510	573
238	269	628
340	526	542
295	303	434
388	422	474
259	562	566
305	563	624
135	249	536
47	342	560
185	327	386
11	393	552
383	643	645
226	525	668
127	310	463
79	264	391
6	46	518
116	120	441
77	104	613
25	105	428
345	418	647
176	184	320
18	24	223
495	528	592
242	369	629
141	394	577
28	182	200
63	251	541
56	126	513
42	503	598
16	161	595
190	491	651
191	325	649
409	549	625
26	139	416
250	362	505
284	633	665
30	54	165
337	411	497
44	123	302
31	545	556
27	179	403
130	397	640
197	209	263
207	287	650
292	452	652
405	443	567
181	272	324
486	616	636
1	435	515
10	607	642
29	61	266
129	308	614
134	248	376
173	174	245
52	202	381
602	667	671
177	332	396
33	274	399
180	375	453
67	408	634
97	125	554
58	436	603
149	151	482
309	333	514
89	164	659
60	71	247
35	153	455
122	447	596
101	406	658
192	244	569
39	506	618
107	366	421
23	461	662
121	313	537
119	229	605
194	253	359
326	527	546
218	597	608
273	420	670
193	270	335
59	109	635
95	186	289
17	299	504
81	449	589
113	312	660
137	355	398
286	604	638
231	352	553
49	350	591
254	531	641
171	301	330
356	468	509
373	400	564
240	448	517
379	584	600
279	465	512
208	290	432
53	117	494
252	276	454
321	543	656
98	128	402
204	583	586
467	523	617
69	132	450
294	353	458
162	487	582
178	221	637
163	257	389
285	328	481
115	159	423
232	446	472
87	378	390
175	622	639
86	288	485
45	196	410
90	152	258
108	306	459
205	224	338
85	93	222
78	261	498
57	262	522
74	311	385
172	371	380
77	440	500
176	262	634
204	355	653
281	380	419
51	92	273
267	423	637
286	384	509
130	404	545
50	618	656
138	325	359
481	555	654
78	127	557
49	417	494
140	201	372
91	114	507
131	175	554
29	132	461
371	385	492
7	31	209
158	416	457
109	362	426
365	383	556
25	351	421
90	112	415
5	95	292
32	501	639
43	367	466
160	462	608
144	615	623
54	305	352
6	48	516
76	368	517
178	447	497
314	544	617
117	398	605
80	272	463
16	239	609
353	565	641
61	518	519
173	418	439
290	506	644
17	52	395
73	181	260
101	331	562
168	205	475
44	137	594
151	193	621
393	407	525
255	510	581
38	99	590
222	523	619
188	577	628
56	254	409
183	648	669
159	459	616
391	408	488
141	258	298
94	300	553
23	326	347
120	221	596
67	202	550
64	269	374
442	531	662
26	72	186
197	346	586
70	317	607
14	134	420
215	373	540
230	493	627
81	148	228
389	495	541
152	448	546
27	241	288
37	226	585
375	381	574
155	234	363
227	243	604
3	225	366
263	321	549
179	468	592
295	436	460
69	261	465
247	361	614
41	265	270
157	647	657
198	309	400
454	613	620
85	489	503
303	382	433
387	629	652
68	242	496
8	139	659
165	231	390
42	354	598
106	252	658
235	330	526
410	538	597
71	480	611
318	456	515
105	172	184
180	335	632
15	65	348
316	476	561
118	212	522
332	499	543
327	405	668
55	512	575
208	472	579
125	218	432
279	304	645
189	275	528
229	443	625
13	206	213
271	276	578
45	97	568
18	291	360
83	219	224
307	402	485
57	248	280
40	283	530
1	532	667
28	377	446
146	294	612
370	595	631
60	315	411
34	396	655
430	498	642
191	357	672
296	378	427
310	573	643
115	297	356
245	328	633
110	135	274
240	474	564
251	266	428
88	340	529
308	479	560
63	285	425
20	30	150
129	282	464
123	246	344
119	147	287
320	322	350
196	259	437
75	104	199
143	194	232
190	203	635
62	482	520
53	341	511
187	478	539
22	164	379
2	444	547
98	126	264
302	334	397
11	169	527
504	563	601
87	93	268
358	369	471
46	431	570
237	458	571
551	576	664
257	414	521
250	333	449
74	142	537
100	338	552
108	278	349
210	284	345
211	306	524
35	84	589
182	535	636
256	445	502
249	312	588
166	342	638
161	477	483
434	441	487
36	238	603
4	392	508
313	453	640
174	505	534
324	336	599
116	311	399
103	236	469
289	401	536
96	438	572
136	171	649
21	107	533
19	156	223
124	149	670
145	214	244
323	406	473
412	413	450
220	600	622
167	192	548
47	170	293
467	584	591
102	200	470
253	491	583
58	569	650
66	403	558
319	435	542
329	567	582
113	299	337
177	566	610
195	388	665
10	163	386
12	339	484
424	429	666
133	364	663
277	514	580
233	394	422
121	513	593
376	646	671
111	660	661
79	490	559
89	216	624
39	162	451
86	301	651
82	455	626
128	343	602
207	452	587
33	153	185
9	59	486
154	217	630
24	122	606
12	276	313
295	377	420
2	147	326
26	202	570
271	498	530
157	311	469
4	91	327
95	315	604
78	332	445
47	592	643
223	279	526
41	600	615
30	382	668
338	589	624
335	618	639
360	462	558
125	294	368
33	140	267
7	301	587
39	113	460
308	401	537
171	234	274
307	345	477
112	411	649
492	501	584
370	421	623
35	152	181
339	481	595
455	511	548
351	442	525
162	343	374
249	399	522
85	105	559
146	320	648
400	513	658
356	449	657
393	430	527
608	619	655
314	361	593
63	269	336
11	17	285
173	243	536
128	166	478
304	385	444
333	610	614
263	480	569
83	516	622
65	541	591
97	318	629
429	463	602
61	195	406
262	416	561
40	174	601
363	473	520
126	507	571
258	309	458
14	264	447
306	470	495
103	290	396
134	245	365
62	474	551
74	291	375
59	252	566
169	488	634
69	203	348
328	576	646
102	472	605
100	168	184
317	373	471
167	427	503
22	233	540
10	398	493
98	201	286
67	217	583
79	110	371
161	237	405
96	337	524
71	127	297
192	341	459
115	150	590
403	528	653
51	199	555
280	544	652
15	244	340
6	212	565
70	101	549
163	441	538
52	75	575
57	189	464
151	494	517
19	172	672
261	448	579
156	160	664
257	519	662
246	359	562
491	523	581
43	99	259
193	439	599
42	282	506
153	288	635
316	389	630
135	490	539
73	191	468
25	388	390
93	235	302
413	426	431
28	284	633
44	72	283
222	412	454
48	89	453
293	438	457
204	228	230
186	607	613
88	107	424
13	149	659
60	452	671
211	496	631
8	509	596
133	456	585
220	419	568
9	145	450
114	275	324
303	418	644
179	323	557
200	298	574
330	355	582
138	155	239
404	428	518
329	357	514
117	119	606
213	547	560
254	580	661
23	187	415
131	185	207
81	129	594
37	154	215
391	423	654
143	379	627
141	364	535
272	344	554
56	165	484
84	251	402
255	384	486
407	482	656
137	319	425
380	410	433
1	352	603
46	242	546
122	483	534
82	577	598
29	38	144
229	417	632
132	206	397
49	190	312
609	636	637
121	176	236
225	372	512
80	177	296
180	281	300
92	305	529
208	253	553
5	641	669
231	287	620
198	227	437
86	108	310
27	467	663
77	260	334
240	573	670
53	392	414
159	289	588
182	510	617
45	170	666
106	273	647
362	531	628
369	550	660
505	532	597
50	367	443
120	436	499
148	221	479
18	55	194
278	466	533
224	394	497
381	383	487
124	563	586
20	485	667
232	277	612
209	226	440
36	408	640
214	250	542
241	265	434
136	347	578
205	266	567
183	196	432
90	292	422
123	376	395
350	500	611
158	164	358
21	342	626
31	366	543
219	451	564
32	87	247
216	465	651
104	139	256
142	387	504
268	476	645
109	349	638
64	353	502
3	210	475
58	508	616
66	378	489
325	409	521
76	118	270
16	322	650
515	572	625
111	175	248
218	331	354
321	621	665
238	446	552
116	197	386
54	299	545
94	461	642
24	346	556
178	188	435
34	68	130
